1 0.71
2 0.79
3 0.67
4 0.62
5 0.64
6 0.73
7 0.64
8 0.57
9 0.51
10 0.5
11 0.56
12 0.48
13 0.49
14 0.64
15 0.53
16 0.53
17 0.46
18 0.38
19 0.42
20 0.37
21 0.41
22 0.41
23 0.33
24 0.33
25 0.27
26 0.27
27 0.27
28 0.33
29 0.32
30 0.25
31 0.26
32 0.27
33 0.21
34 0.2
35 0.2
36 0.23
37 0.16
38 0.22
39 0.21
40 0.15
41 0.19
42 0.12
43 0.1
44 0.1
45 0.08
46 0.06
47 0.03
48 0.05
49 0.05
50 0.01
51 0.01
52 0.1
53 0.02
54 0.05
55 0.02
56 0.03
57 0.03
58 0.05
59 0.01
60 0.01
61 0.01
62 0.01
63 0.02
64 0.02
65 0.03
66 0.03
67 0.04
68 0.04
69 0.01
70 0.02
71 0.03
72 0.01
73 0.01
74 0.02
75 0
76 0.03
77 0.03
78 0.03
79 0
80 0
81 0.02
82 0
83 0.01
84 0.01
85 0.02
86 0
87 0.01
88 0.01
89 0.01
90 0
91 0.01
92 0.02
93 0
94 0.01
95 0
96 0
97 0.01
98 0
99 0
