1 0.11
2 0.11
3 0.15
4 0.14
5 0.24
6 0.16
7 0.23
8 0.25
9 0.21
10 0.25
11 0.38
12 0.3
13 0.31
14 0.38
15 0.29
16 0.37
17 0.38
18 0.41
19 0.33
20 0.41
21 0.42
22 0.42
23 0.34
24 0.35
25 0.34
26 0.35
27 0.33
28 0.41
29 0.4
30 0.41
31 0.45
32 0.46
33 0.46
34 0.41
35 0.37
36 0.4
37 0.33
38 0.37
39 0.38
40 0.37
41 0.45
42 0.29
43 0.37
44 0.38
45 0.34
46 0.32
47 0.35
48 0.35
49 0.37
50 0.28
51 0.25
52 0.23
53 0.35
54 0.29
55 0.34
56 0.35
57 0.33
58 0.29
59 0.36
60 0.35
61 0.25
62 0.33
63 0.26
64 0.23
65 0.25
66 0.18
67 0.24
68 0.31
69 0.17
70 0.23
71 0.32
72 0.22
73 0.24
74 0.19
75 0.21
76 0.14
77 0.23
78 0.27
79 0.13
80 0.2
81 0.15
82 0.13
83 0.14
84 0.12
85 0.15
86 0.04
87 0.05
88 0.1
89 0.05
90 0.11
91 0.05
92 0.07
93 0.06
94 0.05
95 0.01
96 0.01
97 0.01
98 0.01
99 0
