1 0.58
2 0.58
3 0.51
4 0.54
5 0.57
6 0.57
7 0.55
8 0.57
9 0.53
10 0.56
11 0.53
12 0.51
13 0.49
14 0.6
15 0.55
16 0.56
17 0.6
18 0.56
19 0.48
20 0.5
21 0.53
22 0.5
23 0.43
24 0.42
25 0.36
26 0.39
27 0.33
28 0.36
29 0.44
30 0.4
31 0.39
32 0.35
33 0.39
34 0.33
35 0.28
36 0.31
37 0.26
38 0.3
39 0.29
40 0.26
41 0.35
42 0.24
43 0.19
44 0.26
45 0.18
46 0.15
47 0.2
48 0.25
49 0.17
50 0.11
51 0.14
52 0.1
53 0.13
54 0.14
55 0.13
56 0.11
57 0.11
58 0.12
59 0.1
60 0.08
61 0.03
62 0.06
63 0.04
64 0.03
65 0.08
66 0.08
67 0.04
68 0.06
69 0.01
70 0.02
71 0.01
72 0.01
73 0.01
74 0.01
75 0.01
76 0.01
77 0.03
78 0.05
79 0.02
80 0.02
81 0.02
82 0.02
83 0.03
84 0.01
85 0.05
86 0.01
87 0.01
88 0.03
89 0.02
90 0.01
91 0.01
92 0.02
93 0
94 0.01
95 0
96 0
97 0.01
98 0
99 0
