1 0.73
2 0.77
3 0.69
4 0.64
5 0.64
6 0.76
7 0.66
8 0.68
9 0.6
10 0.64
11 0.68
12 0.53
13 0.56
14 0.6
15 0.55
16 0.63
17 0.58
18 0.58
19 0.45
20 0.48
21 0.47
22 0.53
23 0.57
24 0.5
25 0.48
26 0.51
27 0.54
28 0.41
29 0.36
30 0.4
31 0.03
32 0.01
33 0.38
34 0.01
35 0.41
36 0.33
37 0.02
38 0.33
39 0.25
40 0.21
41 0.01
42 0.33
43 0.36
44 0.26
45 0.01
46 0.28
47 0.02
48 0.19
49 0.17
50 0.14
51 0.16
52 0.19
53 0.16
54 0.01
55 0.13
56 0.2
57 0.13
58 0.1
59 0.01
60 0.08
61 0.09
62 0.1
63 0.06
64 0.07
65 0.09
66 0.02
67 0.01
68 0.02
69 0
70 0.02
71 0
72 0
73 0
74 0
75 0
76 0.01
77 0.01
78 0.03
79 0
80 0
81 0.02
82 0
83 0.01
84 0.01
85 0.02
86 0
87 0.01
88 0.01
89 0.01
90 0
91 0.01
92 0.02
93 0
94 0.01
95 0
96 0
97 0.01
98 0
99 0
