1 0.7
2 0.73
3 0.64
4 0.57
5 0.61
6 0.77
7 0.61
8 0.56
9 0.54
10 0.53
11 0.56
12 0.52
13 0.53
14 0.56
15 0.56
16 0.52
17 0.49
18 0.45
19 0.49
20 0.4
21 0.42
22 0.41
23 0.31
24 0.38
25 0.28
26 0.29
27 0.25
28 0.35
29 0.28
30 0.29
31 0.24
32 0.29
33 0.24
34 0.2
35 0.28
36 0.24
37 0.22
38 0.21
39 0.23
40 0.21
41 0.21
42 0.16
43 0.15
44 0.14
45 0.15
46 0.14
47 0.06
48 0.01
49 0.06
50 0.05
51 0.03
52 0.08
53 0.01
54 0.05
55 0.02
56 0.03
57 0.03
58 0.04
59 0.01
60 0.01
61 0.01
62 0.02
63 0.04
64 0.03
65 0.03
66 0.02
67 0.01
68 0.02
69 0.01
70 0.02
71 0.03
72 0.01
73 0.01
74 0.01
75 0
76 0.01
77 0.01
78 0.03
79 0
80 0
81 0.02
82 0
83 0.01
84 0.01
85 0.02
86 0
87 0.01
88 0.01
89 0.01
90 0
91 0.01
92 0.02
93 0
94 0.01
95 0
96 0
97 0.01
98 0
99 0
