1 0.72
2 0.75
3 0.66
4 0.64
5 0.66
6 0.75
7 0.57
8 0.63
9 0.57
10 0.62
11 0.61
12 0.47
13 0.56
14 0.59
15 0.53
16 0.58
17 0.6
18 0.53
19 0.45
20 0.5
21 0.45
22 0.46
23 0.48
24 0.43
25 0.34
26 0.45
27 0.44
28 0.44
29 0.29
30 0.34
31 0.31
32 0.36
33 0.33
34 0.34
35 0.35
36 0.29
37 0.02
38 0.28
39 0.18
40 0.21
41 0.01
42 0.3
43 0.31
44 0.23
45 0.01
46 0.24
47 0.02
48 0.15
49 0.12
50 0.1
51 0.1
52 0.15
53 0.1
54 0.01
55 0.08
56 0.13
57 0.1
58 0.07
59 0.01
60 0.01
61 0.05
62 0.02
63 0.02
64 0.01
65 0.03
66 0
67 0.01
68 0.01
69 0
70 0.02
71 0
72 0
73 0
74 0
75 0
76 0.01
77 0.01
78 0.03
79 0
80 0
81 0.02
82 0
83 0.01
84 0.01
85 0.02
86 0
87 0.01
88 0.01
89 0.01
90 0
91 0.01
92 0.02
93 0
94 0.01
95 0
96 0
97 0.01
98 0
99 0
