1 0.38
2 0.35
3 0.34
4 0.36
5 0.42
6 0.45
7 0.37
8 0.39
9 0.35
10 0.39
11 0.47
12 0.44
13 0.4
14 0.51
15 0.5
16 0.49
17 0.51
18 0.46
19 0.48
20 0.46
21 0.55
22 0.48
23 0.45
24 0.47
25 0.4
26 0.44
27 0.35
28 0.43
29 0.44
30 0.42
31 0.51
32 0.43
33 0.54
34 0.41
35 0.39
36 0.42
37 0.33
38 0.38
39 0.37
40 0.35
41 0.49
42 0.29
43 0.31
44 0.33
45 0.29
46 0.33
47 0.29
48 0.37
49 0.36
50 0.3
51 0.27
52 0.19
53 0.28
54 0.26
55 0.28
56 0.25
57 0.25
58 0.24
59 0.21
60 0.26
61 0.18
62 0.21
63 0.16
64 0.15
65 0.18
66 0.13
67 0.16
68 0.21
69 0.1
70 0.13
71 0.13
72 0.06
73 0.08
74 0.06
75 0.06
76 0.07
77 0.11
78 0.09
79 0.1
80 0.01
81 0.1
82 0.06
83 0.02
84 0.08
85 0.07
86 0.05
87 0.01
88 0.03
89 0.02
90 0.01
91 0.04
92 0.04
93 0.01
94 0.02
95 0
96 0.01
97 0.01
98 0.01
99 0
