1 0.73
2 0.8
3 0.68
4 0.68
5 0.76
6 0.77
7 0.74
8 0.66
9 0.67
10 0.72
11 0.67
12 0.57
13 0.63
14 0.64
15 0.62
16 0.62
17 0.59
18 0.58
19 0.5
20 0.49
21 0.54
22 0.54
23 0.64
24 0.57
25 0.57
26 0.01
27 0.53
28 0.41
29 0.46
30 0.47
31 0.03
32 0.01
33 0.45
34 0.02
35 0.45
36 0.39
37 0.02
38 0.39
39 0.02
40 0.31
41 0.02
42 0.35
43 0.39
44 0.02
45 0.01
46 0.38
47 0.02
48 0.22
49 0.28
50 0.21
51 0.22
52 0.23
53 0.26
54 0.01
55 0.16
56 0.24
57 0.01
58 0.14
59 0.01
60 0.14
61 0.01
62 0.15
63 0.12
64 0.11
65 0.01
66 0.03
67 0.06
68 0.06
69 0.05
70 0.09
71 0.02
72 0.02
73 0.01
74 0
75 0
76 0.01
77 0.01
78 0.03
79 0
80 0
81 0.02
82 0
83 0.01
84 0.01
85 0.02
86 0
87 0.01
88 0.01
89 0.01
90 0
91 0.01
92 0.02
93 0
94 0.01
95 0
96 0
97 0.01
98 0
99 0
