1 0.95
2 0.03
3 0.01
4 0.92
5 0.03
6 0.01
7 0.91
8 0.02
9 0.01
10 0.86
11 0.02
12 0.01
13 0.81
14 0.03
15 0.01
16 0.82
17 0.03
18 0.01
19 0.75
20 0.03
21 0.01
22 0.79
23 0.03
24 0.01
25 0.71
26 0.02
27 0.01
28 0.64
29 0.03
30 0.67
31 0.03
32 0.01
33 0.76
34 0.02
35 0.66
36 0.65
37 0.02
38 0.65
39 0.02
40 0.54
41 0.03
42 0.58
43 0.03
44 0.57
45 0.02
46 0.56
47 0.02
48 0.51
49 0.02
50 0.45
51 0.43
52 0.02
53 0.01
54 0.44
55 0.01
56 0.01
57 0.43
58 0.4
59 0.02
60 0.01
61 0.4
62 0.42
63 0.02
64 0.01
65 0.34
66 0.26
67 0.31
68 0.02
69 0.25
70 0.33
71 0.37
72 0.26
73 0.31
74 0.01
75 0.01
76 0.18
77 0.25
78 0.32
79 0.14
80 0.02
81 0.2
82 0.15
83 0.18
84 0.02
85 0.16
86 0.02
87 0.08
88 0.11
89 0.05
90 0.13
91 0.08
92 0.09
93 0.07
94 0.05
95 0.02
96 0.01
97 0.02
98 0.01
99 0
