1 0.74
2 0.71
3 0.65
4 0.61
5 0.59
6 0.73
7 0.63
8 0.59
9 0.56
10 0.56
11 0.53
12 0.48
13 0.52
14 0.55
15 0.48
16 0.63
17 0.52
18 0.5
19 0.47
20 0.48
21 0.42
22 0.49
23 0.37
24 0.42
25 0.27
26 0.45
27 0.33
28 0.44
29 0.25
30 0.3
31 0.31
32 0.34
33 0.26
34 0.29
35 0.28
36 0.27
37 0.23
38 0.23
39 0.21
40 0.23
41 0.01
42 0.26
43 0.25
44 0.15
45 0.17
46 0.17
47 0.01
48 0.12
49 0.1
50 0.09
51 0.05
52 0.1
53 0.07
54 0.01
55 0.06
56 0.05
57 0.05
58 0.02
59 0.01
60 0.01
61 0.04
62 0
63 0.01
64 0.01
65 0.04
66 0.01
67 0.01
68 0.02
69 0.01
70 0.02
71 0
72 0
73 0
74 0
75 0
76 0.01
77 0.01
78 0.03
79 0
80 0
81 0.02
82 0
83 0.01
84 0.01
85 0.02
86 0
87 0.01
88 0.01
89 0.01
90 0
91 0.01
92 0.02
93 0
94 0.01
95 0
96 0
97 0.01
98 0
99 0
