1 0.7
2 0.71
3 0.65
4 0.58
5 0.63
6 0.66
7 0.65
8 0.63
9 0.54
10 0.54
11 0.54
12 0.46
13 0.53
14 0.65
15 0.54
16 0.49
17 0.53
18 0.44
19 0.44
20 0.45
21 0.48
22 0.48
23 0.36
24 0.35
25 0.33
26 0.33
27 0.29
28 0.32
29 0.32
30 0.29
31 0.31
32 0.34
33 0.3
34 0.22
35 0.16
36 0.22
37 0.17
38 0.22
39 0.23
40 0.21
41 0.24
42 0.18
43 0.08
44 0.16
45 0.12
46 0.11
47 0.09
48 0.12
49 0.11
50 0.03
51 0.05
52 0.09
53 0.03
54 0.07
55 0.03
56 0.03
57 0.05
58 0.02
59 0.01
60 0.01
61 0.01
62 0.03
63 0.02
64 0.02
65 0.03
66 0.02
67 0.04
68 0.05
69 0.01
70 0.02
71 0.02
72 0.01
73 0.01
74 0.01
75 0.01
76 0.01
77 0.03
78 0.04
79 0
80 0.01
81 0.02
82 0.02
83 0.01
84 0.01
85 0.02
86 0
87 0.01
88 0.01
89 0.01
90 0
91 0.01
92 0.02
93 0
94 0.01
95 0
96 0
97 0.01
98 0
99 0
