1 0.78
2 0.83
3 0.73
4 0.75
5 0.76
6 0.8
7 0.77
8 0.73
9 0.7
10 0.75
11 0.67
12 0.66
13 0.65
14 0.67
15 0.64
16 0.67
17 0.59
18 0.62
19 0.58
20 0.55
21 0.56
22 0.01
23 0.6
24 0.02
25 0.58
26 0.02
27 0.01
28 0.45
29 0.52
30 0.49
31 0.03
32 0.01
33 0.52
34 0.02
35 0.52
36 0.43
37 0.02
38 0.44
39 0.02
40 0.35
41 0.03
42 0.41
43 0.44
44 0.02
45 0.01
46 0.42
47 0.02
48 0.28
49 0.34
50 0.26
51 0.25
52 0.02
53 0.29
54 0.01
55 0.19
56 0.02
57 0.2
58 0.17
59 0.02
60 0.16
61 0.01
62 0.2
63 0.16
64 0.16
65 0.01
66 0.08
67 0.09
68 0.13
69 0.1
70 0.13
71 0.08
72 0.09
73 0.08
74 0.03
75 0.03
76 0.01
77 0.03
78 0.06
79 0
80 0
81 0.02
82 0
83 0.01
84 0.01
85 0.02
86 0
87 0.01
88 0.01
89 0.01
90 0
91 0.01
92 0.02
93 0
94 0.01
95 0
96 0
97 0.01
98 0
99 0
