1 0.85
2 0.85
3 0.79
4 0.78
5 0.79
6 0.84
7 0.79
8 0.78
9 0.77
10 0.72
11 0.7
12 0.7
13 0.69
14 0.67
15 0.69
16 0.01
17 0.57
18 0.02
19 0.62
20 0.02
21 0.01
22 0.6
23 0.03
24 0.66
25 0.03
26 0.01
27 0.6
28 0.03
29 0.58
30 0.53
31 0.03
32 0.01
33 0.6
34 0.02
35 0.53
36 0.48
37 0.02
38 0.46
39 0.02
40 0.33
41 0.03
42 0.42
43 0.5
44 0.02
45 0.01
46 0.45
47 0.02
48 0.32
49 0.02
50 0.34
51 0.29
52 0.02
53 0.35
54 0.01
55 0.27
56 0.02
57 0.25
58 0.18
59 0.02
60 0.24
61 0.01
62 0.25
63 0.2
64 0.17
65 0.01
66 0.14
67 0.14
68 0.02
69 0.14
70 0.2
71 0.2
72 0.14
73 0.15
74 0.01
75 0.08
76 0.05
77 0.09
78 0.09
79 0.03
80 0.09
81 0.07
82 0
83 0.03
84 0.01
85 0.02
86 0
87 0.01
88 0.01
89 0.01
90 0
91 0.01
92 0.02
93 0
94 0.01
95 0
96 0
97 0.01
98 0
99 0
