1 0.82
2 0.93
3 0.87
4 0.85
5 0.85
6 0.9
7 0.86
8 0.82
9 0.76
10 0.81
11 0.73
12 0.03
13 0.01
14 0.73
15 0.03
16 0.01
17 0.67
18 0.02
19 0.65
20 0.02
21 0.01
22 0.63
23 0.03
24 0.72
25 0.03
26 0.01
27 0.63
28 0.03
29 0.62
30 0.59
31 0.03
32 0.01
33 0.67
34 0.02
35 0.58
36 0.51
37 0.02
38 0.5
39 0.02
40 0.41
41 0.03
42 0.48
43 0.03
44 0.46
45 0.01
46 0.49
47 0.02
48 0.41
49 0.02
50 0.39
51 0.33
52 0.02
53 0.37
54 0.01
55 0.31
56 0.02
57 0.3
58 0.24
59 0.02
60 0.29
61 0.01
62 0.29
63 0.25
64 0.2
65 0.01
66 0.17
67 0.19
68 0.02
69 0.16
70 0.22
71 0.26
72 0.19
73 0.24
74 0.01
75 0.16
76 0.08
77 0.13
78 0.18
79 0.04
80 0.16
81 0.11
82 0.06
83 0.09
84 0.06
85 0.07
86 0.01
87 0.03
88 0.02
89 0.01
90 0
91 0.01
92 0.02
93 0
94 0.01
95 0
96 0
97 0.01
98 0
99 0
