1 0.54
2 0.55
3 0.5
4 0.5
5 0.51
6 0.57
7 0.48
8 0.48
9 0.46
10 0.51
11 0.53
12 0.47
13 0.51
14 0.58
15 0.55
16 0.56
17 0.58
18 0.51
19 0.5
20 0.51
21 0.55
22 0.51
23 0.47
24 0.44
25 0.37
26 0.43
27 0.35
28 0.41
29 0.47
30 0.44
31 0.42
32 0.39
33 0.47
34 0.36
35 0.36
36 0.36
37 0.31
38 0.41
39 0.3
40 0.33
41 0.44
42 0.26
43 0.22
44 0.29
45 0.22
46 0.19
47 0.23
48 0.3
49 0.2
50 0.19
51 0.19
52 0.12
53 0.14
54 0.18
55 0.17
56 0.16
57 0.17
58 0.18
59 0.14
60 0.13
61 0.06
62 0.13
63 0.06
64 0.09
65 0.13
66 0.06
67 0.06
68 0.1
69 0.06
70 0.03
71 0.01
72 0.01
73 0.02
74 0.01
75 0.04
76 0.01
77 0.06
78 0.04
79 0.05
80 0.04
81 0.02
82 0.02
83 0.04
84 0.01
85 0.03
86 0.01
87 0.01
88 0.03
89 0.02
90 0.01
91 0.03
92 0.03
93 0.01
94 0.01
95 0
96 0.01
97 0.01
98 0
99 0
