1 0.29
2 0.26
3 0.3
4 0.27
5 0.35
6 0.36
7 0.29
8 0.38
9 0.27
10 0.33
11 0.45
12 0.37
13 0.35
14 0.46
15 0.46
16 0.47
17 0.49
18 0.45
19 0.41
20 0.47
21 0.52
22 0.46
23 0.39
24 0.41
25 0.38
26 0.37
27 0.39
28 0.42
29 0.43
30 0.43
31 0.51
32 0.43
33 0.49
34 0.39
35 0.41
36 0.41
37 0.35
38 0.37
39 0.39
40 0.34
41 0.45
42 0.32
43 0.3
44 0.37
45 0.31
46 0.36
47 0.35
48 0.37
49 0.36
50 0.32
51 0.3
52 0.22
53 0.33
54 0.26
55 0.29
56 0.28
57 0.32
58 0.26
59 0.28
60 0.28
61 0.21
62 0.23
63 0.2
64 0.17
65 0.2
66 0.17
67 0.19
68 0.25
69 0.11
70 0.15
71 0.18
72 0.11
73 0.14
74 0.08
75 0.11
76 0.12
77 0.13
78 0.14
79 0.1
80 0.05
81 0.11
82 0.09
83 0.07
84 0.06
85 0.08
86 0.03
87 0.01
88 0.03
89 0.02
90 0.03
91 0.05
92 0.03
93 0.01
94 0.02
95 0
96 0.01
97 0.01
98 0.01
99 0
