1 0.22
2 0.21
3 0.24
4 0.21
5 0.26
6 0.24
7 0.27
8 0.3
9 0.24
10 0.29
11 0.41
12 0.33
13 0.34
14 0.42
15 0.34
16 0.4
17 0.43
18 0.44
19 0.38
20 0.45
21 0.49
22 0.42
23 0.36
24 0.38
25 0.36
26 0.39
27 0.37
28 0.42
29 0.41
30 0.42
31 0.5
32 0.45
33 0.5
34 0.4
35 0.39
36 0.39
37 0.35
38 0.38
39 0.41
40 0.36
41 0.46
42 0.3
43 0.37
44 0.37
45 0.33
46 0.33
47 0.36
48 0.36
49 0.35
50 0.27
51 0.27
52 0.22
53 0.33
54 0.29
55 0.32
56 0.31
57 0.32
58 0.27
59 0.32
60 0.34
61 0.26
62 0.28
63 0.24
64 0.21
65 0.21
66 0.16
67 0.21
68 0.27
69 0.16
70 0.21
71 0.27
72 0.15
73 0.19
74 0.16
75 0.19
76 0.15
77 0.17
78 0.23
79 0.11
80 0.15
81 0.14
82 0.13
83 0.11
84 0.1
85 0.11
86 0.07
87 0.01
88 0.07
89 0.04
90 0.07
91 0.05
92 0.04
93 0.03
94 0.04
95 0.01
96 0.01
97 0.01
98 0.01
99 0
