1 0.63
2 0.63
3 0.6
4 0.56
5 0.57
6 0.61
7 0.58
8 0.61
9 0.52
10 0.55
11 0.58
12 0.52
13 0.53
14 0.63
15 0.59
16 0.51
17 0.59
18 0.48
19 0.49
20 0.46
21 0.53
22 0.47
23 0.42
24 0.42
25 0.36
26 0.37
27 0.31
28 0.33
29 0.39
30 0.34
31 0.36
32 0.37
33 0.38
34 0.33
35 0.25
36 0.25
37 0.21
38 0.28
39 0.24
40 0.21
41 0.29
42 0.21
43 0.13
44 0.21
45 0.16
46 0.13
47 0.17
48 0.18
49 0.14
50 0.06
51 0.08
52 0.11
53 0.08
54 0.13
55 0.08
56 0.05
57 0.06
58 0.07
59 0.04
60 0.02
61 0.01
62 0.02
63 0.04
64 0.01
65 0.07
66 0.06
67 0.03
68 0.03
69 0.03
70 0.02
71 0.01
72 0.01
73 0.01
74 0.01
75 0.01
76 0.01
77 0.03
78 0.05
79 0.02
80 0
81 0.02
82 0.02
83 0.05
84 0.01
85 0.04
86 0
87 0.01
88 0.03
89 0.02
90 0
91 0.01
92 0.02
93 0
94 0.01
95 0
96 0
97 0.01
98 0
99 0
