1 0.87
2 0.95
3 0.87
4 0.92
5 0.89
6 0.91
7 0.03
8 0.01
9 0.79
10 0.03
11 0.01
12 0.73
13 0.03
14 0.01
15 0.81
16 0.03
17 0.01
18 0.75
19 0.02
20 0.01
21 0.68
22 0.01
23 0.7
24 0.02
25 0.01
26 0.65
27 0.02
28 0.01
29 0.67
30 0.64
31 0.03
32 0.01
33 0.71
34 0.02
35 0.6
36 0.57
37 0.02
38 0.62
39 0.02
40 0.49
41 0.03
42 0.54
43 0.03
44 0.51
45 0.02
46 0.53
47 0.02
48 0.47
49 0.02
50 0.42
51 0.4
52 0.02
53 0.43
54 0.01
55 0.36
56 0.02
57 0.37
58 0.31
59 0.02
60 0.34
61 0.01
62 0.37
63 0.3
64 0.25
65 0.01
66 0.21
67 0.26
68 0.02
69 0.21
70 0.27
71 0.28
72 0.25
73 0.28
74 0.01
75 0.23
76 0.13
77 0.2
78 0.24
79 0.09
80 0.25
81 0.02
82 0.11
83 0.12
84 0.1
85 0.11
86 0.01
87 0.08
88 0.05
89 0.02
90 0.05
91 0.05
92 0.05
93 0.02
94 0.01
95 0
96 0
97 0.01
98 0
99 0
