1 0.44
2 0.45
3 0.43
4 0.43
5 0.47
6 0.53
7 0.43
8 0.45
9 0.42
10 0.44
11 0.54
12 0.49
13 0.48
14 0.58
15 0.54
16 0.53
17 0.55
18 0.51
19 0.49
20 0.49
21 0.54
22 0.51
23 0.44
24 0.47
25 0.39
26 0.4
27 0.34
28 0.47
29 0.45
30 0.44
31 0.5
32 0.43
33 0.52
34 0.39
35 0.38
36 0.41
37 0.33
38 0.36
39 0.37
40 0.36
41 0.46
42 0.27
43 0.26
44 0.33
45 0.25
46 0.28
47 0.26
48 0.35
49 0.3
50 0.24
51 0.23
52 0.15
53 0.21
54 0.24
55 0.24
56 0.19
57 0.24
58 0.22
59 0.17
60 0.18
61 0.12
62 0.16
63 0.12
64 0.12
65 0.18
66 0.1
67 0.1
68 0.14
69 0.1
70 0.08
71 0.1
72 0.01
73 0.05
74 0.02
75 0.01
76 0.04
77 0.09
78 0.04
79 0.1
80 0.01
81 0.04
82 0.03
83 0.02
84 0.04
85 0.03
86 0.01
87 0.01
88 0.03
89 0.02
90 0.01
91 0.03
92 0.03
93 0.01
94 0.01
95 0
96 0.01
97 0.01
98 0.01
99 0
