1 0.62
2 0.57
3 0.69
4 0.64
5 0.64
6 0.61
7 0.66
8 0.57
9 0.58
10 0.56
11 0.47
12 0.6
13 0.58
14 0.46
15 0.52
16 0.6
17 0.5
18 0.52
19 0.49
20 0.52
21 0.49
22 0.4
23 0.36
24 0.37
25 0.39
26 0.37
27 0.35
28 0.38
29 0.36
30 0.33
31 0.27
32 0.22
33 0.35
34 0.25
35 0.25
36 0.16
37 0.22
38 0.24
39 0.18
40 0.16
41 0.24
42 0.16
43 0.2
44 0.19
45 0.13
46 0.14
47 0.17
48 0.16
49 0.12
50 0.06
51 0.12
52 0.13
53 0.09
54 0.09
55 0.09
56 0.04
57 0.1
58 0.06
59 0.04
60 0.05
61 0.05
62 0.04
63 0.05
64 0.03
65 0.03
66 0.02
67 0.08
68 0.03
69 0.03
70 0.02
71 0.02
72 0.02
73 0.01
74 0.01
75 0.01
76 0.04
77 0.02
78 0.05
79 0.02
80 0.02
81 0.01
82 0.04
83 0.02
84 0.01
85 0.02
86 0.02
87 0
88 0.01
89 0.02
90 0.02
91 0
92 0.01
93 0
94 0
95 0.01
96 0.03
97 0.03
98 0
99 0
