1 0.09
2 0.18
3 0.19
4 0.22
5 0.18
6 0.18
7 0.25
8 0.21
9 0.22
10 0.28
11 0.26
12 0.31
13 0.4
14 0.27
15 0.33
16 0.37
17 0.36
18 0.3
19 0.37
20 0.32
21 0.35
22 0.33
23 0.3
24 0.34
25 0.35
26 0.37
27 0.38
28 0.45
29 0.37
30 0.36
31 0.44
32 0.37
33 0.46
34 0.43
35 0.39
36 0.25
37 0.33
38 0.41
39 0.35
40 0.32
41 0.42
42 0.36
43 0.42
44 0.34
45 0.26
46 0.35
47 0.3
48 0.29
49 0.31
50 0.27
51 0.34
52 0.43
53 0.34
54 0.35
55 0.41
56 0.23
57 0.31
58 0.29
59 0.34
60 0.4
61 0.3
62 0.25
63 0.23
64 0.38
65 0.26
66 0.23
67 0.29
68 0.24
69 0.21
70 0.19
71 0.25
72 0.16
73 0.16
74 0.2
75 0.24
76 0.21
77 0.09
78 0.13
79 0.16
80 0.12
81 0.14
82 0.11
83 0.17
84 0.15
85 0.16
86 0.14
87 0.18
88 0.11
89 0.09
90 0.1
91 0.06
92 0.05
93 0.04
94 0.07
95 0.04
96 0.07
97 0.04
98 0.01
99 0
