1 0.45
2 0.5
3 0.63
4 0.54
5 0.54
6 0.58
7 0.56
8 0.5
9 0.47
10 0.57
11 0.45
12 0.57
13 0.58
14 0.43
15 0.48
16 0.55
17 0.5
18 0.43
19 0.5
20 0.44
21 0.54
22 0.42
23 0.41
24 0.47
25 0.41
26 0.45
27 0.41
28 0.42
29 0.45
30 0.39
31 0.36
32 0.35
33 0.42
34 0.36
35 0.32
36 0.23
37 0.3
38 0.3
39 0.31
40 0.31
41 0.33
42 0.25
43 0.28
44 0.26
45 0.22
46 0.18
47 0.24
48 0.2
49 0.24
50 0.12
51 0.22
52 0.22
53 0.21
54 0.11
55 0.19
56 0.1
57 0.2
58 0.14
59 0.12
60 0.16
61 0.14
62 0.08
63 0.09
64 0.1
65 0.07
66 0.1
67 0.13
68 0.05
69 0.09
70 0.05
71 0.08
72 0.06
73 0.01
74 0.03
75 0.08
76 0.1
77 0.02
78 0.04
79 0.01
80 0.03
81 0.02
82 0.02
83 0.01
84 0.01
85 0.02
86 0.02
87 0.01
88 0.01
89 0.02
90 0.02
91 0.01
92 0.01
93 0.01
94 0.03
95 0.02
96 0.03
97 0.03
98 0
99 0
