1 0.19
2 0.25
3 0.27
4 0.32
5 0.25
6 0.24
7 0.32
8 0.28
9 0.28
10 0.34
11 0.31
12 0.35
13 0.46
14 0.32
15 0.35
16 0.41
17 0.37
18 0.32
19 0.39
20 0.35
21 0.39
22 0.37
23 0.29
24 0.38
25 0.37
26 0.41
27 0.4
28 0.48
29 0.39
30 0.43
31 0.41
32 0.36
33 0.48
34 0.45
35 0.36
36 0.24
37 0.38
38 0.42
39 0.34
40 0.34
41 0.41
42 0.36
43 0.37
44 0.32
45 0.25
46 0.29
47 0.34
48 0.29
49 0.31
50 0.27
51 0.32
52 0.38
53 0.34
54 0.33
55 0.42
56 0.23
57 0.31
58 0.3
59 0.32
60 0.33
61 0.22
62 0.25
63 0.19
64 0.35
65 0.21
66 0.17
67 0.28
68 0.21
69 0.22
70 0.17
71 0.25
72 0.15
73 0.15
74 0.15
75 0.21
76 0.17
77 0.08
78 0.12
79 0.1
80 0.08
81 0.12
82 0.1
83 0.1
84 0.09
85 0.1
86 0.04
87 0.12
88 0.09
89 0.04
90 0.07
91 0.06
92 0.01
93 0.01
94 0.07
95 0.04
96 0.05
97 0.03
98 0
99 0
