1 0.68
2 0.7
3 0.75
4 0.79
5 0.67
6 0.68
7 0.68
8 0.58
9 0.54
10 0.54
11 0.49
12 0.55
13 0.62
14 0.49
15 0.44
16 0.53
17 0.41
18 0.4
19 0.46
20 0.41
21 0.42
22 0.35
23 0.28
24 0.3
25 0.36
26 0.34
27 0.24
28 0.28
29 0.24
30 0.3
31 0.22
32 0.16
33 0.23
34 0.21
35 0.13
36 0.14
37 0.21
38 0.12
39 0.11
40 0.14
41 0.14
42 0.11
43 0.11
44 0.08
45 0.07
46 0.08
47 0.07
48 0.1
49 0.02
50 0.01
51 0.01
52 0.05
53 0.07
54 0.02
55 0.05
56 0.03
57 0.03
58 0.06
59 0.01
60 0.04
61 0.02
62 0.06
63 0.02
64 0.04
65 0.03
66 0.01
67 0.07
68 0.03
69 0.02
70 0.03
71 0.02
72 0.01
73 0.01
74 0.01
75 0.01
76 0.01
77 0.01
78 0.03
79 0.01
80 0.01
81 0
82 0.01
83 0
84 0.01
85 0.01
86 0.01
87 0
88 0
89 0.01
90 0.02
91 0
92 0.01
93 0
94 0
95 0.01
96 0.03
97 0.03
98 0
99 0
