1 0.54
2 0.56
3 0.67
4 0.59
5 0.61
6 0.62
7 0.65
8 0.54
9 0.52
10 0.59
11 0.46
12 0.62
13 0.59
14 0.45
15 0.51
16 0.57
17 0.5
18 0.51
19 0.51
20 0.46
21 0.48
22 0.42
23 0.4
24 0.43
25 0.37
26 0.41
27 0.41
28 0.4
29 0.4
30 0.37
31 0.32
32 0.28
33 0.37
34 0.31
35 0.3
36 0.2
37 0.24
38 0.28
39 0.24
40 0.26
41 0.29
42 0.22
43 0.27
44 0.21
45 0.16
46 0.15
47 0.21
48 0.16
49 0.17
50 0.08
51 0.14
52 0.18
53 0.11
54 0.09
55 0.16
56 0.07
57 0.16
58 0.11
59 0.11
60 0.11
61 0.08
62 0.07
63 0.05
64 0.1
65 0.05
66 0.06
67 0.14
68 0.06
69 0.04
70 0.02
71 0.02
72 0.03
73 0.01
74 0.01
75 0.01
76 0.02
77 0.03
78 0.06
79 0.03
80 0.02
81 0.02
82 0.02
83 0.03
84 0.01
85 0.02
86 0.02
87 0.01
88 0.01
89 0.02
90 0.02
91 0.01
92 0.01
93 0
94 0
95 0.01
96 0.03
97 0.03
98 0
99 0
