1 0.65
2 0.63
3 0.71
4 0.71
5 0.61
6 0.69
7 0.66
8 0.6
9 0.51
10 0.61
11 0.5
12 0.6
13 0.64
14 0.47
15 0.47
16 0.54
17 0.49
18 0.47
19 0.48
20 0.5
21 0.43
22 0.38
23 0.33
24 0.32
25 0.33
26 0.37
27 0.31
28 0.35
29 0.28
30 0.34
31 0.23
32 0.22
33 0.3
34 0.27
35 0.21
36 0.14
37 0.19
38 0.18
39 0.13
40 0.12
41 0.18
42 0.13
43 0.17
44 0.14
45 0.1
46 0.11
47 0.12
48 0.14
49 0.07
50 0.04
51 0.07
52 0.07
53 0.06
54 0.05
55 0.08
56 0.03
57 0.03
58 0.09
59 0.02
60 0.01
61 0.03
62 0.04
63 0.02
64 0.05
65 0.03
66 0.01
67 0.03
68 0.02
69 0.01
70 0.02
71 0.02
72 0.02
73 0.01
74 0.01
75 0.04
76 0.01
77 0.02
78 0.03
79 0.01
80 0.02
81 0.01
82 0.01
83 0
84 0.01
85 0.01
86 0.01
87 0
88 0
89 0.01
90 0.02
91 0
92 0.01
93 0
94 0
95 0.01
96 0.03
97 0.03
98 0
99 0
