1 0.34
2 0.38
3 0.44
4 0.45
5 0.35
6 0.43
7 0.45
8 0.36
9 0.38
10 0.47
11 0.41
12 0.45
13 0.51
14 0.39
15 0.38
16 0.51
17 0.46
18 0.38
19 0.49
20 0.39
21 0.51
22 0.37
23 0.36
24 0.39
25 0.42
26 0.46
27 0.45
28 0.48
29 0.48
30 0.41
31 0.37
32 0.37
33 0.44
34 0.39
35 0.37
36 0.25
37 0.37
38 0.37
39 0.4
40 0.34
41 0.41
42 0.37
43 0.36
44 0.32
45 0.23
46 0.23
47 0.33
48 0.24
49 0.28
50 0.28
51 0.28
52 0.31
53 0.3
54 0.25
55 0.37
56 0.2
57 0.29
58 0.21
59 0.23
60 0.24
61 0.19
62 0.21
63 0.15
64 0.25
65 0.16
66 0.15
67 0.19
68 0.11
69 0.18
70 0.11
71 0.2
72 0.11
73 0.02
74 0.09
75 0.11
76 0.1
77 0.04
78 0.08
79 0.05
80 0.04
81 0.04
82 0.05
83 0.04
84 0.03
85 0.03
86 0.02
87 0.03
88 0.05
89 0.02
90 0.03
91 0.01
92 0.01
93 0.01
94 0.03
95 0.02
96 0.03
97 0.03
98 0
99 0
