1 0.38
2 0.46
3 0.54
4 0.52
5 0.49
6 0.53
7 0.5
8 0.45
9 0.44
10 0.52
11 0.41
12 0.47
13 0.54
14 0.43
15 0.4
16 0.55
17 0.49
18 0.42
19 0.5
20 0.44
21 0.53
22 0.42
23 0.4
24 0.46
25 0.43
26 0.46
27 0.47
28 0.45
29 0.47
30 0.38
31 0.36
32 0.37
33 0.44
34 0.4
35 0.36
36 0.24
37 0.33
38 0.35
39 0.39
40 0.33
41 0.38
42 0.33
43 0.3
44 0.31
45 0.23
46 0.19
47 0.31
48 0.23
49 0.27
50 0.22
51 0.26
52 0.26
53 0.25
54 0.21
55 0.24
56 0.13
57 0.23
58 0.18
59 0.16
60 0.18
61 0.17
62 0.15
63 0.1
64 0.2
65 0.14
66 0.11
67 0.18
68 0.07
69 0.15
70 0.08
71 0.12
72 0.08
73 0.02
74 0.05
75 0.11
76 0.14
77 0.02
78 0.04
79 0.01
80 0.04
81 0.04
82 0.04
83 0.04
84 0.03
85 0.02
86 0.02
87 0.01
88 0.02
89 0.02
90 0.02
91 0.01
92 0.01
93 0.01
94 0.03
95 0.02
96 0.03
97 0.03
98 0
99 0
