1 0.28
2 0.32
3 0.4
4 0.4
5 0.3
6 0.35
7 0.41
8 0.34
9 0.31
10 0.41
11 0.34
12 0.39
13 0.49
14 0.37
15 0.38
16 0.48
17 0.42
18 0.34
19 0.44
20 0.37
21 0.46
22 0.41
23 0.36
24 0.39
25 0.38
26 0.44
27 0.45
28 0.49
29 0.47
30 0.41
31 0.37
32 0.36
33 0.46
34 0.41
35 0.35
36 0.24
37 0.35
38 0.42
39 0.39
40 0.33
41 0.4
42 0.36
43 0.36
44 0.31
45 0.23
46 0.27
47 0.34
48 0.27
49 0.31
50 0.28
51 0.34
52 0.35
53 0.35
54 0.32
55 0.37
56 0.23
57 0.31
58 0.24
59 0.28
60 0.31
61 0.19
62 0.23
63 0.18
64 0.31
65 0.18
66 0.16
67 0.22
68 0.19
69 0.21
70 0.17
71 0.25
72 0.12
73 0.09
74 0.12
75 0.19
76 0.14
77 0.07
78 0.12
79 0.08
80 0.05
81 0.07
82 0.06
83 0.04
84 0.05
85 0.08
86 0.02
87 0.06
88 0.06
89 0.02
90 0.05
91 0.05
92 0.01
93 0.01
94 0.05
95 0.03
96 0.03
97 0.03
98 0
99 0
