1 0.14
2 0.1
3 0.13
4 0.22
5 0.18
6 0.24
7 0.31
8 0.3
9 0.25
10 0.26
11 0.26
12 0.35
13 0.22
14 0.25
15 0.33
16 0.42
17 0.4
18 0.38
19 0.4
20 0.4
21 0.4
22 0.41
23 0.4
24 0.35
25 0.38
26 0.39
27 0.34
28 0.33
29 0.38
30 0.46
31 0.41
32 0.39
33 0.35
34 0.36
35 0.37
36 0.43
37 0.45
38 0.4
39 0.45
40 0.31
41 0.3
42 0.41
43 0.45
44 0.35
45 0.39
46 0.34
47 0.32
48 0.3
49 0.38
50 0.33
51 0.38
52 0.29
53 0.31
54 0.35
55 0.4
56 0.37
57 0.35
58 0.32
59 0.28
60 0.33
61 0.27
62 0.24
63 0.22
64 0.26
65 0.3
66 0.27
67 0.24
68 0.23
69 0.33
70 0.2
71 0.26
72 0.13
73 0.21
74 0.18
75 0.19
76 0.13
77 0.16
78 0.19
79 0.14
80 0.15
81 0.18
82 0.16
83 0.12
84 0.12
85 0.11
86 0.07
87 0.06
88 0.09
89 0.09
90 0.1
91 0.08
92 0.06
93 0.08
94 0.03
95 0.06
96 0.05
97 0.04
98 0
99 0.02
