1 0.54
2 0.48
3 0.53
4 0.55
5 0.56
6 0.56
7 0.56
8 0.56
9 0.58
10 0.58
11 0.62
12 0.57
13 0.47
14 0.51
15 0.55
16 0.57
17 0.55
18 0.48
19 0.55
20 0.52
21 0.51
22 0.52
23 0.41
24 0.44
25 0.44
26 0.46
27 0.46
28 0.36
29 0.47
30 0.37
31 0.39
32 0.38
33 0.3
34 0.39
35 0.3
36 0.35
37 0.34
38 0.35
39 0.39
40 0.32
41 0.23
42 0.24
43 0.25
44 0.26
45 0.3
46 0.25
47 0.18
48 0.2
49 0.22
50 0.18
51 0.32
52 0.15
53 0.2
54 0.23
55 0.29
56 0.16
57 0.19
58 0.1
59 0.14
60 0.14
61 0.12
62 0.16
63 0.09
64 0.06
65 0.12
66 0.08
67 0.03
68 0.07
69 0.09
70 0.06
71 0.08
72 0.05
73 0.04
74 0.01
75 0.03
76 0.06
77 0.02
78 0.03
79 0.04
80 0.01
81 0.01
82 0.01
83 0.05
84 0.03
85 0.02
86 0.01
87 0.01
88 0.07
89 0.02
90 0.02
91 0.01
92 0.02
93 0.02
94 0.01
95 0.02
96 0.01
97 0.01
98 0
99 0.02
