1 0.76
2 0.63
3 0.74
4 0.69
5 0.67
6 0.67
7 0.62
8 0.67
9 0.73
10 0.67
11 0.75
12 0.64
13 0.6
14 0.51
15 0.53
16 0.58
17 0.53
18 0.49
19 0.54
20 0.53
21 0.52
22 0.46
23 0.51
24 0.46
25 0.49
26 0.5
27 0.34
28 0.43
29 0.37
30 0.31
31 0.01
32 0.01
33 0.36
34 0.33
35 0.01
36 0.44
37 0.3
38 0.32
39 0.28
40 0.02
41 0.26
42 0.01
43 0.01
44 0.19
45 0.02
46 0.01
47 0.21
48 0.16
49 0.01
50 0.18
51 0.01
52 0.22
53 0.15
54 0.15
55 0.01
56 0.13
57 0.15
58 0.16
59 0.09
60 0.11
61 0.01
62 0.08
63 0.06
64 0.09
65 0.03
66 0.05
67 0.04
68 0.02
69 0
70 0
71 0.02
72 0.04
73 0.03
74 0
75 0
76 0
77 0.01
78 0.03
79 0
80 0.01
81 0.01
82 0
83 0.02
84 0.01
85 0.01
86 0.01
87 0
88 0.04
89 0.01
90 0.01
91 0
92 0.02
93 0.02
94 0.01
95 0.01
96 0
97 0.01
98 0
99 0.02
