1 0.21
2 0.2
3 0.17
4 0.3
5 0.24
6 0.33
7 0.31
8 0.34
9 0.31
10 0.34
11 0.33
12 0.4
13 0.26
14 0.32
15 0.36
16 0.43
17 0.43
18 0.41
19 0.43
20 0.45
21 0.4
22 0.43
23 0.42
24 0.35
25 0.44
26 0.43
27 0.38
28 0.36
29 0.41
30 0.45
31 0.41
32 0.41
33 0.35
34 0.38
35 0.36
36 0.45
37 0.42
38 0.38
39 0.44
40 0.29
41 0.3
42 0.4
43 0.43
44 0.37
45 0.38
46 0.34
47 0.32
48 0.31
49 0.36
50 0.33
51 0.4
52 0.26
53 0.31
54 0.33
55 0.4
56 0.32
57 0.32
58 0.29
59 0.27
60 0.33
61 0.25
62 0.23
63 0.19
64 0.22
65 0.26
66 0.23
67 0.21
68 0.21
69 0.26
70 0.18
71 0.24
72 0.13
73 0.2
74 0.15
75 0.15
76 0.1
77 0.17
78 0.14
79 0.11
80 0.12
81 0.14
82 0.1
83 0.1
84 0.06
85 0.07
86 0.06
87 0.07
88 0.09
89 0.03
90 0.07
91 0.07
92 0.06
93 0.03
94 0.03
95 0.02
96 0.02
97 0.04
98 0
99 0.02
