1 0.44
2 0.35
3 0.45
4 0.52
5 0.48
6 0.55
7 0.46
8 0.52
9 0.56
10 0.55
11 0.53
12 0.5
13 0.46
14 0.49
15 0.51
16 0.53
17 0.5
18 0.46
19 0.54
20 0.52
21 0.49
22 0.52
23 0.41
24 0.43
25 0.43
26 0.49
27 0.47
28 0.38
29 0.48
30 0.4
31 0.38
32 0.42
33 0.34
34 0.4
35 0.36
36 0.39
37 0.36
38 0.36
39 0.42
40 0.32
41 0.27
42 0.3
43 0.29
44 0.29
45 0.32
46 0.26
47 0.24
48 0.24
49 0.27
50 0.24
51 0.34
52 0.19
53 0.25
54 0.27
55 0.36
56 0.22
57 0.22
58 0.13
59 0.21
60 0.2
61 0.15
62 0.18
63 0.15
64 0.1
65 0.13
66 0.1
67 0.09
68 0.12
69 0.06
70 0.07
71 0.1
72 0.07
73 0.07
74 0.04
75 0.02
76 0.05
77 0.11
78 0.03
79 0.02
80 0.08
81 0.01
82 0.01
83 0.05
84 0.03
85 0.03
86 0.04
87 0.01
88 0.08
89 0.05
90 0.02
91 0.01
92 0.02
93 0.02
94 0.01
95 0.02
96 0.01
97 0.02
98 0
99 0.02
