1 0.29
2 0.24
3 0.26
4 0.39
5 0.39
6 0.4
7 0.36
8 0.38
9 0.41
10 0.44
11 0.38
12 0.46
13 0.34
14 0.37
15 0.42
16 0.49
17 0.49
18 0.4
19 0.48
20 0.5
21 0.43
22 0.45
23 0.4
24 0.37
25 0.47
26 0.47
27 0.45
28 0.37
29 0.44
30 0.41
31 0.4
32 0.41
33 0.35
34 0.39
35 0.36
36 0.43
37 0.41
38 0.38
39 0.45
40 0.29
41 0.31
42 0.36
43 0.39
44 0.37
45 0.37
46 0.32
47 0.29
48 0.28
49 0.35
50 0.32
51 0.36
52 0.23
53 0.32
54 0.28
55 0.39
56 0.34
57 0.28
58 0.24
59 0.27
60 0.3
61 0.27
62 0.22
63 0.17
64 0.2
65 0.21
66 0.19
67 0.18
68 0.17
69 0.18
70 0.14
71 0.18
72 0.1
73 0.18
74 0.11
75 0.11
76 0.07
77 0.13
78 0.1
79 0.08
80 0.08
81 0.06
82 0.08
83 0.08
84 0.08
85 0.05
86 0.05
87 0.04
88 0.09
89 0.01
90 0.02
91 0.01
92 0.03
93 0.06
94 0.02
95 0.02
96 0.01
97 0.04
98 0
99 0.02
