1 0.7
2 0.59
3 0.69
4 0.66
5 0.65
6 0.64
7 0.62
8 0.6
9 0.62
10 0.61
11 0.62
12 0.63
13 0.57
14 0.52
15 0.63
16 0.58
17 0.57
18 0.47
19 0.55
20 0.48
21 0.45
22 0.46
23 0.39
24 0.4
25 0.35
26 0.38
27 0.44
28 0.29
29 0.38
30 0.34
31 0.3
32 0.29
33 0.21
34 0.33
35 0.21
36 0.26
37 0.26
38 0.24
39 0.31
40 0.21
41 0.14
42 0.19
43 0.16
44 0.21
45 0.2
46 0.16
47 0.15
48 0.11
49 0.15
50 0.09
51 0.18
52 0.1
53 0.1
54 0.11
55 0.18
56 0.07
57 0.11
58 0.06
59 0.1
60 0.09
61 0.03
62 0.06
63 0.04
64 0.01
65 0.02
66 0.03
67 0.01
68 0.01
69 0.05
70 0.01
71 0.03
72 0.04
73 0.03
74 0.01
75 0.03
76 0.03
77 0.01
78 0.03
79 0.02
80 0.03
81 0.02
82 0.01
83 0.03
84 0.01
85 0.02
86 0.01
87 0.01
88 0.05
89 0.01
90 0.01
91 0
92 0.02
93 0.02
94 0.01
95 0.01
96 0
97 0.01
98 0
99 0.02
