1 0.59
2 0.56
3 0.54
4 0.56
5 0.62
6 0.57
7 0.55
8 0.58
9 0.61
10 0.59
11 0.61
12 0.59
13 0.53
14 0.49
15 0.56
16 0.53
17 0.54
18 0.49
19 0.58
20 0.51
21 0.47
22 0.52
23 0.38
24 0.42
25 0.42
26 0.45
27 0.44
28 0.35
29 0.45
30 0.34
31 0.38
32 0.33
33 0.22
34 0.35
35 0.27
36 0.29
37 0.3
38 0.32
39 0.35
40 0.25
41 0.19
42 0.2
43 0.2
44 0.24
45 0.23
46 0.18
47 0.16
48 0.15
49 0.18
50 0.13
51 0.26
52 0.13
53 0.15
54 0.16
55 0.22
56 0.09
57 0.15
58 0.09
59 0.1
60 0.1
61 0.08
62 0.07
63 0.06
64 0.01
65 0.08
66 0.03
67 0.01
68 0.03
69 0.03
70 0.02
71 0.03
72 0.05
73 0.03
74 0.01
75 0.03
76 0.05
77 0.01
78 0.03
79 0.03
80 0.02
81 0.01
82 0.01
83 0.04
84 0.01
85 0.02
86 0.01
87 0.02
88 0.07
89 0.01
90 0.02
91 0.01
92 0.02
93 0.02
94 0.01
95 0.01
96 0
97 0.01
98 0
99 0.02
