1 0.73
2 0.6
3 0.69
4 0.72
5 0.67
6 0.68
7 0.65
8 0.58
9 0.68
10 0.64
11 0.6
12 0.66
13 0.52
14 0.53
15 0.64
16 0.61
17 0.54
18 0.49
19 0.54
20 0.44
21 0.48
22 0.43
23 0.4
24 0.38
25 0.31
26 0.33
27 0.43
28 0.25
29 0.35
30 0.27
31 0.28
32 0.26
33 0.17
34 0.36
35 0.17
36 0.21
37 0.25
38 0.25
39 0.24
40 0.18
41 0.11
42 0.13
43 0.11
44 0.19
45 0.17
46 0.11
47 0.12
48 0.11
49 0.11
50 0.05
51 0.13
52 0.07
53 0.11
54 0.09
55 0.11
56 0.03
57 0.03
58 0.04
59 0.05
60 0.03
61 0.03
62 0.02
63 0.02
64 0.06
65 0.02
66 0.03
67 0.01
68 0.03
69 0.04
70 0.01
71 0.03
72 0.04
73 0.03
74 0.01
75 0.03
76 0.01
77 0.01
78 0.03
79 0.02
80 0.02
81 0.01
82 0.02
83 0.02
84 0.01
85 0.01
86 0.01
87 0
88 0.04
89 0.01
90 0.01
91 0
92 0.02
93 0.02
94 0.01
95 0.01
96 0
97 0.01
98 0
99 0.02
