1 0.39
2 0.28
3 0.36
4 0.46
5 0.42
6 0.49
7 0.38
8 0.46
9 0.48
10 0.45
11 0.45
12 0.47
13 0.42
14 0.4
15 0.48
16 0.54
17 0.46
18 0.42
19 0.51
20 0.51
21 0.46
22 0.51
23 0.43
24 0.42
25 0.45
26 0.48
27 0.46
28 0.4
29 0.46
30 0.4
31 0.41
32 0.38
33 0.32
34 0.39
35 0.37
36 0.41
37 0.4
38 0.39
39 0.44
40 0.3
41 0.28
42 0.32
43 0.37
44 0.31
45 0.35
46 0.28
47 0.28
48 0.24
49 0.34
50 0.29
51 0.34
52 0.21
53 0.27
54 0.28
55 0.38
56 0.28
57 0.24
58 0.2
59 0.24
60 0.24
61 0.2
62 0.2
63 0.17
64 0.16
65 0.2
66 0.17
67 0.14
68 0.17
69 0.13
70 0.14
71 0.15
72 0.08
73 0.14
74 0.05
75 0.08
76 0.05
77 0.09
78 0.07
79 0.05
80 0.07
81 0.01
82 0.01
83 0.05
84 0.07
85 0.03
86 0.02
87 0.02
88 0.08
89 0.01
90 0.02
91 0.01
92 0.02
93 0.02
94 0.02
95 0.03
96 0.01
97 0.04
98 0
99 0.02
