1 0.81
2 0.71
3 0.73
4 0.7
5 0.68
6 0.68
7 0.62
8 0.63
9 0.66
10 0.64
11 0.49
12 0.56
13 0.43
14 0.52
15 0.52
16 0.62
17 0.49
18 0.47
19 0.53
20 0.43
21 0.4
22 0.44
23 0.33
24 0.35
25 0.3
26 0.32
27 0.34
28 0.26
29 0.26
30 0.27
31 0.2
32 0.22
33 0.19
34 0.33
35 0.18
36 0.22
37 0.2
38 0.18
39 0.18
40 0.18
41 0.1
42 0.13
43 0.09
44 0.13
45 0.13
46 0.08
47 0.09
48 0.06
49 0.07
50 0.03
51 0.09
52 0.01
53 0.13
54 0.02
55 0.04
56 0.01
57 0.02
58 0.03
59 0.04
60 0.01
61 0.04
62 0.02
63 0.03
64 0.01
65 0.03
66 0.03
67 0.01
68 0.03
69 0.02
70 0.01
71 0.03
72 0.04
73 0.03
74 0.02
75 0.03
76 0.01
77 0.01
78 0.03
79 0.01
80 0.01
81 0.01
82 0
83 0.02
84 0.01
85 0.01
86 0.01
87 0
88 0.04
89 0.01
90 0.01
91 0
92 0.02
93 0.02
94 0.01
95 0.01
96 0
97 0.01
98 0
99 0.02
